function dx = fnetMut(x,MutC,pertC)

a1 = 1.5; a2 = 1.5; a3 = .4; a4 = 1.5; a5 = 1.5; a6 = 1.5; a7 = 2; a8 = .8; a9 = .5; a10 = 1.2;
k1 = 2.0991; k2 = 3.6469; k3 = 2.5882; k4 = 3.9127; k5 = 1.5617; k6 = 3.6369; k7 = 2.2910; k8 = 3.7228; k9 = 1.0370; k10 = 3.2482;
v1 = 0.4524; v2 = 0.5124; v3 = 0.4377; v4 = 0.0479; v5 = 0.3310; v6 = 0.1265; v7 = 0.3932; v8 = 0.4238; v9 = 0.1570; v10 = 0.3040;
c1 = 0.2015; c2 = 0.2318; c3 = 0.8641; c4 = 0.9068; c5 = 0.2069; c6 = 0.4267; c7 = 0.0411; c8 = 1.5239; c9 = 0.0628; c10 = 0.3638;
d2 = 0.6667; d7 = 0.4545;

dx = zeros(10,2);

%Gene 1
dx(1,1) = a1*x(1);
dx(1,2) = (k1*(x(7)+x(10)) + pertC(1)*v1)/(1+c1*(x(7)+x(10)));

%Gene 2
dx(2,1) = a2*x(2);
dx(2,2) = (k2*x(1) + pertC(2)*v2)/(1 + c2*x(1))/(1+d2*x(3));

%Gene 3
dx(3,1) = a3*x(3);
dx(3,2) = (k3*x(2) + pertC(3)*v3)/(1+c3*x(2));

%Gene 4
dx(4,1) = a4*x(4);
dx(4,2) = (k4*(x(3)+MutC(1)*x(9)) + pertC(4)*v4)/(1+c4*(x(3)+MutC(1)*x(9)));

%Gene 5
dx(5,1) = a5*x(5);
dx(5,2) = (k5*x(4) + pertC(5)*v5)/(1+c5*x(4));

%Gene 6
dx(6,1) = a6*x(6);
dx(6,2) = (k6*(x(3)+x(5)) + pertC(6)*v6)/(1+c6*(x(3)+x(5)));

%Gene 7
dx(7,1) = a7*x(7);
dx(7,2) = (k7*x(6) + pertC(7)*v7)/(1 + c7*x(6))/(1+d7*MutC(2)*x(9));

%Gene 8
dx(8,1) = a8*x(8);
dx(8,2) = (k8*x(7) + pertC(8)*v8)/(1+c8*x(7));

%Gene 9
dx(9,1) = a9*x(9);
dx(9,2) = (k9*x(8) + pertC(9)*v9)/(1+c9*x(8));

%Gene 10
dx(10,1) = a10*x(10);
dx(10,2) = (k10*MutC(3)*x(9) + pertC(10)*v10)/(1+c10*MutC(3)*x(9));







